3.331360e-01 3.325920e-01 3.342720e-01 0.000000e+00
2.987680e-01 2.954560e-01 2.980480e-01 1.077280e-01
2.797760e-01 2.779680e-01 2.786880e-01 1.635680e-01
2.689440e-01 2.675200e-01 2.670400e-01 1.964960e-01
2.624800e-01 2.635680e-01 2.616800e-01 2.122720e-01
2.602240e-01 2.601920e-01 2.593920e-01 2.201920e-01
2.594720e-01 2.597280e-01 2.596320e-01 2.211680e-01
2.594080e-01 2.601760e-01 2.570400e-01 2.233760e-01
2.598080e-01 2.593120e-01 2.550560e-01 2.258240e-01
2.604640e-01 2.597280e-01 2.548320e-01 2.249760e-01
2.613920e-01 2.610400e-01 2.540480e-01 2.235200e-01
2.613280e-01 2.602720e-01 2.552640e-01 2.231360e-01
2.632000e-01 2.604000e-01 2.549280e-01 2.214720e-01
2.655200e-01 2.594400e-01 2.551200e-01 2.199200e-01
2.646240e-01 2.601120e-01 2.551040e-01 2.201600e-01
2.664800e-01 2.602720e-01 2.550080e-01 2.182400e-01
2.661920e-01 2.594240e-01 2.550400e-01 2.193440e-01
2.687520e-01 2.582880e-01 2.556960e-01 2.172640e-01
2.723360e-01 2.584640e-01 2.562720e-01 2.129280e-01
2.720800e-01 2.598560e-01 2.585440e-01 2.095200e-01
2.730720e-01 2.592320e-01 2.592960e-01 2.084000e-01
2.738080e-01 2.588800e-01 2.598720e-01 2.074400e-01
2.753280e-01 2.588640e-01 2.610240e-01 2.047840e-01
2.766240e-01 2.576480e-01 2.626560e-01 2.030720e-01
2.777760e-01 2.576640e-01 2.640320e-01 2.005280e-01
2.759520e-01 2.590240e-01 2.639040e-01 2.011200e-01
2.775200e-01 2.576640e-01 2.637120e-01 2.011040e-01
2.762240e-01 2.567040e-01 2.657600e-01 2.013120e-01
2.787200e-01 2.554720e-01 2.671040e-01 1.987040e-01
2.806880e-01 2.537920e-01 2.684320e-01 1.970880e-01
2.797280e-01 2.526880e-01 2.699040e-01 1.976800e-01
2.810080e-01 2.514560e-01 2.725120e-01 1.950240e-01
2.816320e-01 2.509600e-01 2.751840e-01 1.922240e-01
2.823680e-01 2.507200e-01 2.768320e-01 1.900800e-01
2.817760e-01 2.518400e-01 2.776320e-01 1.887520e-01
2.817280e-01 2.518720e-01 2.787520e-01 1.876480e-01
2.811520e-01 2.524480e-01 2.827200e-01 1.836800e-01
2.794880e-01 2.516480e-01 2.844960e-01 1.843680e-01
2.794880e-01 2.517280e-01 2.855040e-01 1.832800e-01
2.774080e-01 2.535040e-01 2.865920e-01 1.824960e-01
2.768000e-01 2.527200e-01 2.897600e-01 1.807200e-01
2.747040e-01 2.537280e-01 2.911520e-01 1.804160e-01
2.728800e-01 2.556800e-01 2.918720e-01 1.795680e-01
2.724000e-01 2.562240e-01 2.944320e-01 1.769440e-01
2.707520e-01 2.572800e-01 2.958240e-01 1.761440e-01
2.694880e-01 2.593120e-01 2.965760e-01 1.746240e-01
2.683520e-01 2.606400e-01 2.990880e-01 1.719200e-01
2.656960e-01 2.636960e-01 2.993120e-01 1.712960e-01
2.653600e-01 2.660320e-01 3.000320e-01 1.685760e-01
2.655360e-01 2.682240e-01 2.996480e-01 1.665920e-01
2.645920e-01 2.717440e-01 2.999520e-01 1.637120e-01
2.629760e-01 2.734080e-01 3.013280e-01 1.622880e-01
2.615040e-01 2.761760e-01 3.008800e-01 1.614400e-01
2.604960e-01 2.798400e-01 3.005760e-01 1.590880e-01
2.583040e-01 2.830560e-01 2.992160e-01 1.594240e-01
2.563360e-01 2.875680e-01 2.989600e-01 1.571360e-01
2.555040e-01 2.895360e-01 2.984960e-01 1.564640e-01
2.527840e-01 2.932800e-01 2.994560e-01 1.544800e-01
2.502880e-01 2.975200e-01 2.969760e-01 1.552160e-01
2.484480e-01 3.014880e-01 2.961280e-01 1.539360e-01
2.471840e-01 3.051680e-01 2.957760e-01 1.518720e-01
2.470240e-01 3.085760e-01 2.955360e-01 1.488640e-01
2.463840e-01 3.122400e-01 2.945920e-01 1.467840e-01
2.462720e-01 3.155680e-01 2.924800e-01 1.456800e-01
2.442080e-01 3.181760e-01 2.913440e-01 1.462720e-01
2.436000e-01 3.215360e-01 2.901280e-01 1.447360e-01
2.426720e-01 3.239360e-01 2.881920e-01 1.452000e-01
2.431040e-01 3.275520e-01 2.853120e-01 1.440320e-01
2.449760e-01 3.300160e-01 2.833280e-01 1.416800e-01
2.462400e-01 3.312480e-01 2.809120e-01 1.416000e-01
2.475200e-01 3.334880e-01 2.780480e-01 1.409440e-01
2.496640e-01 3.343360e-01 2.766560e-01 1.393440e-01
2.512960e-01 3.333760e-01 2.741920e-01 1.411360e-01
2.542240e-01 3.356480e-01 2.717120e-01 1.384160e-01
2.564640e-01 3.376160e-01 2.703040e-01 1.356160e-01
2.591200e-01 3.395360e-01 2.687360e-01 1.326080e-01
2.607040e-01 3.396160e-01 2.680000e-01 1.316800e-01
2.637920e-01 3.397920e-01 2.650560e-01 1.313600e-01
2.663360e-01 3.393600e-01 2.626400e-01 1.316640e-01
2.704320e-01 3.402240e-01 2.603680e-01 1.289760e-01
2.738560e-01 3.390880e-01 2.578400e-01 1.292160e-01
2.782400e-01 3.384160e-01 2.560480e-01 1.272960e-01
2.825280e-01 3.370880e-01 2.533600e-01 1.270240e-01
2.872640e-01 3.361120e-01 2.513120e-01 1.253120e-01
2.915680e-01 3.357120e-01 2.492640e-01 1.234560e-01
2.959040e-01 3.336320e-01 2.467360e-01 1.237280e-01
3.001760e-01 3.319520e-01 2.440640e-01 1.238080e-01
3.050560e-01 3.292160e-01 2.422720e-01 1.234560e-01
3.081120e-01 3.277920e-01 2.408000e-01 1.232960e-01
3.124480e-01 3.269440e-01 2.399840e-01 1.206240e-01
3.159680e-01 3.248480e-01 2.384320e-01 1.207520e-01
3.191040e-01 3.225280e-01 2.379520e-01 1.204160e-01
3.230720e-01 3.205600e-01 2.360000e-01 1.203680e-01
3.276960e-01 3.188800e-01 2.337920e-01 1.196320e-01
3.313920e-01 3.168640e-01 2.329760e-01 1.187680e-01
3.348160e-01 3.141760e-01 2.319360e-01 1.190720e-01
3.379200e-01 3.119680e-01 2.313760e-01 1.187360e-01
3.408000e-01 3.111520e-01 2.304320e-01 1.176160e-01
3.424320e-01 3.085920e-01 2.302560e-01 1.187200e-01
3.447840e-01 3.063200e-01 2.300320e-01 1.188640e-01
3.468800e-01 3.042560e-01 2.293920e-01 1.194720e-01
3.485440e-01 3.025440e-01 2.292800e-01 1.196320e-01
3.505760e-01 2.994720e-01 2.303200e-01 1.196320e-01
3.526880e-01 2.964800e-01 2.304000e-01 1.204320e-01
3.543680e-01 2.938720e-01 2.326720e-01 1.190880e-01
3.561280e-01 2.911520e-01 2.338880e-01 1.188320e-01
3.581760e-01 2.882240e-01 2.336640e-01 1.199360e-01
3.591360e-01 2.858880e-01 2.357920e-01 1.191840e-01
3.592960e-01 2.829280e-01 2.383040e-01 1.194720e-01
3.600640e-01 2.800800e-01 2.405280e-01 1.193280e-01
3.606240e-01 2.770720e-01 2.423200e-01 1.199840e-01
3.608320e-01 2.753600e-01 2.440640e-01 1.197440e-01
3.615040e-01 2.718560e-01 2.466880e-01 1.199520e-01
3.614720e-01 2.693920e-01 2.494560e-01 1.196800e-01
3.616960e-01 2.660800e-01 2.520320e-01 1.201920e-01
3.632160e-01 2.641120e-01 2.552800e-01 1.173920e-01
3.646400e-01 2.620160e-01 2.572480e-01 1.160960e-01
3.640800e-01 2.592960e-01 2.598240e-01 1.168000e-01
3.648480e-01 2.577760e-01 2.631040e-01 1.142720e-01
3.633120e-01 2.548320e-01 2.665440e-01 1.153120e-01
3.632800e-01 2.515040e-01 2.710720e-01 1.141440e-01
3.625600e-01 2.489600e-01 2.765440e-01 1.119360e-01
3.611360e-01 2.459520e-01 2.809600e-01 1.119520e-01
3.612640e-01 2.429280e-01 2.848000e-01 1.110080e-01
3.609760e-01 2.399520e-01 2.873600e-01 1.117120e-01
3.602400e-01 2.389120e-01 2.919520e-01 1.088960e-01
3.590560e-01 2.357120e-01 2.943520e-01 1.108800e-01
3.587360e-01 2.336640e-01 2.973600e-01 1.102400e-01
3.577120e-01 2.314080e-01 3.002400e-01 1.106400e-01
3.568320e-01 2.285440e-01 3.037600e-01 1.108640e-01
3.550080e-01 2.265600e-01 3.058400e-01 1.125920e-01
3.543680e-01 2.255040e-01 3.085440e-01 1.115840e-01
3.536000e-01 2.233760e-01 3.114720e-01 1.115520e-01
3.526240e-01 2.212160e-01 3.149920e-01 1.111680e-01
3.511680e-01 2.198240e-01 3.186720e-01 1.103360e-01
3.493440e-01 2.186720e-01 3.212800e-01 1.107040e-01
3.483200e-01 2.181440e-01 3.248160e-01 1.087200e-01
3.467040e-01 2.187360e-01 3.278400e-01 1.067200e-01
3.454720e-01 2.172960e-01 3.303520e-01 1.068800e-01
3.431680e-01 2.168800e-01 3.333600e-01 1.065920e-01
3.405120e-01 2.173440e-01 3.354240e-01 1.067200e-01
3.382720e-01 2.164320e-01 3.376960e-01 1.076000e-01
3.361920e-01 2.162720e-01 3.402880e-01 1.072480e-01
3.342080e-01 2.155840e-01 3.436640e-01 1.065440e-01
3.320160e-01 2.149280e-01 3.475040e-01 1.055520e-01
3.296320e-01 2.152480e-01 3.496480e-01 1.054720e-01
3.255840e-01 2.156800e-01 3.531040e-01 1.056320e-01
3.224640e-01 2.162880e-01 3.560480e-01 1.052000e-01
3.192800e-01 2.165280e-01 3.587200e-01 1.054720e-01
3.167040e-01 2.176800e-01 3.614080e-01 1.042080e-01
3.138240e-01 2.187680e-01 3.630400e-01 1.043680e-01
3.110080e-01 2.213120e-01 3.646240e-01 1.030560e-01
3.071520e-01 2.231360e-01 3.658560e-01 1.038560e-01
3.045760e-01 2.247840e-01 3.677600e-01 1.028800e-01
3.004160e-01 2.270240e-01 3.704800e-01 1.020800e-01
2.968480e-01 2.298400e-01 3.724960e-01 1.008160e-01
2.930240e-01 2.318720e-01 3.743040e-01 1.008000e-01
2.902720e-01 2.342560e-01 3.764160e-01 9.905600e-02
2.866560e-01 2.358560e-01 3.778400e-01 9.964800e-02
2.829120e-01 2.369600e-01 3.794080e-01 1.007200e-01
2.796640e-01 2.398720e-01 3.820800e-01 9.838400e-02
2.760320e-01 2.418400e-01 3.830080e-01 9.912000e-02
2.726720e-01 2.445920e-01 3.839360e-01 9.880000e-02
2.691840e-01 2.467200e-01 3.841440e-01 9.995200e-02
2.664800e-01 2.494880e-01 3.856800e-01 9.835200e-02
2.623680e-01 2.527360e-01 3.867520e-01 9.814400e-02
2.589280e-01 2.549920e-01 3.882720e-01 9.780800e-02
2.557440e-01 2.569600e-01 3.892960e-01 9.800000e-02
2.509280e-01 2.603840e-01 3.890720e-01 9.961600e-02
2.466080e-01 2.626720e-01 3.902560e-01 1.004640e-01
2.431360e-01 2.662080e-01 3.905920e-01 1.000640e-01
2.377760e-01 2.688960e-01 3.910080e-01 1.023200e-01
2.350400e-01 2.722560e-01 3.906720e-01 1.020320e-01
2.314080e-01 2.757280e-01 3.917280e-01 1.011360e-01
2.282400e-01 2.784000e-01 3.916160e-01 1.017440e-01
2.255840e-01 2.825600e-01 3.917600e-01 1.000960e-01
2.223520e-01 2.849280e-01 3.912480e-01 1.014720e-01
2.196960e-01 2.868640e-01 3.917600e-01 1.016800e-01
2.182400e-01 2.893440e-01 3.917120e-01 1.007040e-01
2.161280e-01 2.931200e-01 3.912640e-01 9.948800e-02
2.139520e-01 2.949760e-01 3.909440e-01 1.001280e-01
2.130400e-01 2.987040e-01 3.903200e-01 9.793600e-02
2.116480e-01 3.012800e-01 3.889440e-01 9.812800e-02
2.103360e-01 3.028000e-01 3.878240e-01 9.904000e-02
2.091840e-01 3.048480e-01 3.866080e-01 9.936000e-02
2.092320e-01 3.072160e-01 3.856160e-01 9.793600e-02
2.088960e-01 3.092480e-01 3.829920e-01 9.886400e-02
2.081920e-01 3.120000e-01 3.804800e-01 9.932800e-02
2.081440e-01 3.140800e-01 3.784160e-01 9.936000e-02
2.087840e-01 3.170880e-01 3.759680e-01 9.816000e-02
2.094400e-01 3.213760e-01 3.723200e-01 9.686400e-02
2.099520e-01 3.235840e-01 3.699520e-01 9.651200e-02
2.101120e-01 3.260000e-01 3.666560e-01 9.723200e-02
2.098720e-01 3.288800e-01 3.639200e-01 9.732800e-02
2.095200e-01 3.301600e-01 3.606400e-01 9.968000e-02
2.098400e-01 3.325280e-01 3.571520e-01 1.004800e-01
2.110560e-01 3.341920e-01 3.547200e-01 1.000320e-01
2.135680e-01 3.370560e-01 3.512160e-01 9.816000e-02
2.148640e-01 3.387840e-01 3.467520e-01 9.960000e-02
2.160640e-01 3.419840e-01 3.430560e-01 9.889600e-02
2.180480e-01 3.437280e-01 3.397440e-01 9.848000e-02
2.189440e-01 3.453440e-01 3.359520e-01 9.976000e-02
2.201440e-01 3.475360e-01 3.317600e-01 1.005600e-01
2.207520e-01 3.497120e-01 3.279680e-01 1.015680e-01
2.227840e-01 3.523040e-01 3.240480e-01 1.008640e-01
2.239520e-01 3.546080e-01 3.203040e-01 1.011360e-01
2.255680e-01 3.571360e-01 3.164160e-01 1.008800e-01
2.269280e-01 3.602240e-01 3.121600e-01 1.006880e-01
2.282240e-01 3.620000e-01 3.077760e-01 1.020000e-01
2.318240e-01 3.633120e-01 3.041920e-01 1.006720e-01
2.330400e-01 3.654080e-01 3.006400e-01 1.009120e-01
2.350880e-01 3.685600e-01 2.966720e-01 9.968000e-02
2.372000e-01 3.701600e-01 2.928160e-01 9.982400e-02
2.405920e-01 3.718560e-01 2.893760e-01 9.817600e-02
2.430240e-01 3.732960e-01 2.860960e-01 9.758400e-02
2.440640e-01 3.752000e-01 2.824480e-01 9.828800e-02
2.468800e-01 3.768960e-01 2.792800e-01 9.694400e-02
2.481120e-01 3.775840e-01 2.767520e-01 9.755200e-02
2.494560e-01 3.783840e-01 2.741120e-01 9.804800e-02
2.523840e-01 3.795840e-01 2.715040e-01 9.652800e-02
2.543040e-01 3.810720e-01 2.691200e-01 9.550400e-02
2.561920e-01 3.809600e-01 2.665280e-01 9.632000e-02
2.588000e-01 3.809600e-01 2.644000e-01 9.584000e-02
2.605280e-01 3.804320e-01 2.640480e-01 9.499200e-02
2.621920e-01 3.821280e-01 2.618080e-01 9.387200e-02
2.635040e-01 3.816800e-01 2.593760e-01 9.544000e-02
2.644480e-01 3.807040e-01 2.575040e-01 9.734400e-02
2.655040e-01 3.800480e-01 2.569920e-01 9.745600e-02
2.673920e-01 3.787520e-01 2.563200e-01 9.753600e-02
2.694560e-01 3.776960e-01 2.547040e-01 9.814400e-02
2.709440e-01 3.755360e-01 2.530560e-01 1.004640e-01
2.726080e-01 3.742720e-01 2.516640e-01 1.014560e-01
2.755040e-01 3.730560e-01 2.510400e-01 1.004000e-01
2.779520e-01 3.713440e-01 2.496320e-01 1.010720e-01
2.800480e-01 3.704800e-01 2.492480e-01 1.002240e-01
2.828160e-01 3.687040e-01 2.492320e-01 9.924800e-02
2.845120e-01 3.663520e-01 2.493120e-01 9.982400e-02
2.875040e-01 3.633120e-01 2.486240e-01 1.005600e-01
2.892000e-01 3.608000e-01 2.491040e-01 1.008960e-01
2.928000e-01 3.587360e-01 2.500000e-01 9.846400e-02
2.953280e-01 3.567840e-01 2.497760e-01 9.811200e-02
2.973600e-01 3.539200e-01 2.504480e-01 9.827200e-02
3.005760e-01 3.515200e-01 2.505920e-01 9.731200e-02
3.044800e-01 3.481440e-01 2.504320e-01 9.694400e-02
3.051360e-01 3.466560e-01 2.518080e-01 9.640000e-02
3.062720e-01 3.443200e-01 2.511680e-01 9.824000e-02
3.085440e-01 3.424800e-01 2.507680e-01 9.820800e-02
3.123360e-01 3.412160e-01 2.502720e-01 9.617600e-02
3.149280e-01 3.390400e-01 2.500640e-01 9.596800e-02
3.173920e-01 3.357280e-01 2.510080e-01 9.587200e-02
3.201440e-01 3.337120e-01 2.502880e-01 9.585600e-02
3.227520e-01 3.320640e-01 2.506560e-01 9.452800e-02
3.240960e-01 3.309440e-01 2.506240e-01 9.433600e-02
3.267520e-01 3.284160e-01 2.514880e-01 9.334400e-02
3.289760e-01 3.267680e-01 2.525280e-01 9.172800e-02
3.314720e-01 3.240320e-01 2.522720e-01 9.222400e-02
3.328480e-01 3.218240e-01 2.528320e-01 9.249600e-02
3.345120e-01 3.204640e-01 2.529280e-01 9.209600e-02
3.353600e-01 3.181280e-01 2.536000e-01 9.291200e-02
3.374720e-01 3.165280e-01 2.544960e-01 9.150400e-02
3.391360e-01 3.141920e-01 2.545920e-01 9.208000e-02
3.403840e-01 3.130400e-01 2.543520e-01 9.222400e-02
3.415040e-01 3.126880e-01 2.547200e-01 9.108800e-02
3.427200e-01 3.106240e-01 2.554240e-01 9.123200e-02
3.426400e-01 3.096640e-01 2.566080e-01 9.108800e-02
3.438720e-01 3.083040e-01 2.574720e-01 9.035200e-02
3.449120e-01 3.063200e-01 2.584640e-01 9.030400e-02
3.455040e-01 3.056480e-01 2.582240e-01 9.062400e-02
3.441280e-01 3.045120e-01 2.592480e-01 9.211200e-02
3.423840e-01 3.032000e-01 2.611360e-01 9.328000e-02
3.401600e-01 3.032960e-01 2.624480e-01 9.409600e-02
3.391680e-01 3.036160e-01 2.642240e-01 9.299200e-02
3.388000e-01 3.024960e-01 2.652640e-01 9.344000e-02
3.382880e-01 3.011680e-01 2.659360e-01 9.460800e-02
3.360640e-01 3.010080e-01 2.684000e-01 9.452800e-02
3.353280e-01 3.008480e-01 2.691520e-01 9.467200e-02
3.347040e-01 3.001600e-01 2.705600e-01 9.457600e-02
3.332800e-01 2.996160e-01 2.714720e-01 9.563200e-02
3.319200e-01 2.988480e-01 2.728800e-01 9.635200e-02
3.296960e-01 2.968640e-01 2.750240e-01 9.841600e-02
3.274240e-01 2.965440e-01 2.765920e-01 9.944000e-02
3.263680e-01 2.960640e-01 2.783680e-01 9.920000e-02
3.249440e-01 2.960320e-01 2.815040e-01 9.752000e-02
3.228320e-01 2.957600e-01 2.834240e-01 9.798400e-02
3.211040e-01 2.945280e-01 2.858880e-01 9.848000e-02
3.196320e-01 2.939680e-01 2.875040e-01 9.889600e-02
3.177600e-01 2.931520e-01 2.890880e-01 1.000000e-01
3.164800e-01 2.920960e-01 2.907520e-01 1.006720e-01
3.143840e-01 2.912640e-01 2.933280e-01 1.010240e-01
3.130880e-01 2.915520e-01 2.940320e-01 1.013280e-01
3.118240e-01 2.915840e-01 2.962240e-01 1.003680e-01
3.103040e-01 2.901600e-01 2.990720e-01 1.004640e-01
3.084800e-01 2.894080e-01 3.011840e-01 1.009280e-01
3.066240e-01 2.899200e-01 3.036640e-01 9.979200e-02
3.054400e-01 2.892160e-01 3.055360e-01 9.980800e-02
3.030240e-01 2.891040e-01 3.084640e-01 9.940800e-02
3.020800e-01 2.892000e-01 3.103360e-01 9.838400e-02
3.011680e-01 2.888480e-01 3.118080e-01 9.817600e-02
3.007840e-01 2.880160e-01 3.132640e-01 9.793600e-02
3.002560e-01 2.869920e-01 3.145760e-01 9.817600e-02
2.995520e-01 2.863680e-01 3.159680e-01 9.811200e-02
2.988160e-01 2.860160e-01 3.179360e-01 9.723200e-02
2.985120e-01 2.843520e-01 3.174720e-01 9.966400e-02
2.984800e-01 2.842880e-01 3.187040e-01 9.852800e-02
2.989120e-01 2.841120e-01 3.198560e-01 9.712000e-02
2.995520e-01 2.838400e-01 3.203040e-01 9.630400e-02
2.994400e-01 2.846080e-01 3.215840e-01 9.436800e-02
2.999840e-01 2.845120e-01 3.222720e-01 9.323200e-02
3.002560e-01 2.842400e-01 3.212640e-01 9.424000e-02
2.995680e-01 2.838240e-01 3.215680e-01 9.504000e-02
2.994240e-01 2.835520e-01 3.206720e-01 9.635200e-02
2.991520e-01 2.834560e-01 3.207360e-01 9.665600e-02
2.996640e-01 2.835840e-01 3.210720e-01 9.568000e-02
2.988800e-01 2.836800e-01 3.222240e-01 9.521600e-02
2.978720e-01 2.833920e-01 3.206400e-01 9.809600e-02
2.980640e-01 2.851520e-01 3.204800e-01 9.630400e-02
2.981280e-01 2.854080e-01 3.191840e-01 9.728000e-02
2.985920e-01 2.865920e-01 3.181120e-01 9.670400e-02
2.979520e-01 2.873120e-01 3.162560e-01 9.848000e-02
2.976480e-01 2.883040e-01 3.148640e-01 9.918400e-02
2.977600e-01 2.902080e-01 3.149920e-01 9.704000e-02
2.970720e-01 2.924960e-01 3.144000e-01 9.603200e-02
2.958560e-01 2.937760e-01 3.130720e-01 9.729600e-02
2.948640e-01 2.957120e-01 3.123680e-01 9.705600e-02
2.947840e-01 2.976320e-01 3.111680e-01 9.641600e-02
2.948960e-01 3.006400e-01 3.093280e-01 9.513600e-02
2.937920e-01 3.024480e-01 3.077440e-01 9.601600e-02
2.930560e-01 3.044000e-01 3.067520e-01 9.579200e-02
2.931200e-01 3.063360e-01 3.059680e-01 9.457600e-02
2.925760e-01 3.080320e-01 3.045600e-01 9.483200e-02
2.905440e-01 3.086880e-01 3.037600e-01 9.700800e-02
2.905760e-01 3.101280e-01 3.028960e-01 9.640000e-02
2.900960e-01 3.119840e-01 3.011040e-01 9.681600e-02
2.895360e-01 3.141760e-01 3.003040e-01 9.598400e-02
2.895360e-01 3.153120e-01 2.976960e-01 9.745600e-02
2.892320e-01 3.162400e-01 2.973760e-01 9.715200e-02
2.878560e-01 3.177920e-01 2.953920e-01 9.896000e-02
2.876320e-01 3.190560e-01 2.948160e-01 9.849600e-02
2.863840e-01 3.203680e-01 2.935200e-01 9.972800e-02
2.852480e-01 3.210720e-01 2.934560e-01 1.002240e-01
2.855680e-01 3.216960e-01 2.937760e-01 9.896000e-02
2.846880e-01 3.225920e-01 2.927360e-01 9.998400e-02
2.845440e-01 3.242560e-01 2.919200e-01 9.928000e-02
2.846400e-01 3.254400e-01 2.919360e-01 9.798400e-02
2.852160e-01 3.258080e-01 2.917920e-01 9.718400e-02
2.835360e-01 3.250720e-01 2.919360e-01 9.945600e-02
2.826880e-01 3.257600e-01 2.923040e-01 9.924800e-02
2.839680e-01 3.260480e-01 2.922560e-01 9.772800e-02
2.835200e-01 3.267840e-01 2.915360e-01 9.816000e-02
2.849120e-01 3.263200e-01 2.921760e-01 9.659200e-02
2.859680e-01 3.248320e-01 2.915680e-01 9.763200e-02
2.860000e-01 3.238400e-01 2.921920e-01 9.796800e-02
2.863200e-01 3.231680e-01 2.932000e-01 9.731200e-02
2.860320e-01 3.228320e-01 2.936800e-01 9.745600e-02
2.874560e-01 3.225600e-01 2.934880e-01 9.649600e-02
2.883360e-01 3.214080e-01 2.937280e-01 9.652800e-02
2.880480e-01 3.213440e-01 2.924320e-01 9.817600e-02
2.885600e-01 3.204960e-01 2.917600e-01 9.918400e-02
2.901600e-01 3.205760e-01 2.911200e-01 9.814400e-02
2.916960e-01 3.214080e-01 2.911360e-01 9.576000e-02
2.929120e-01 3.212800e-01 2.900000e-01 9.580800e-02
2.944480e-01 3.216640e-01 2.886560e-01 9.523200e-02
2.944480e-01 3.208640e-01 2.872800e-01 9.740800e-02
2.958880e-01 3.191360e-01 2.877760e-01 9.720000e-02
2.980480e-01 3.179840e-01 2.873280e-01 9.664000e-02
2.990080e-01 3.169280e-01 2.865440e-01 9.752000e-02
3.006560e-01 3.159520e-01 2.861440e-01 9.724800e-02
3.015360e-01 3.143360e-01 2.854560e-01 9.867200e-02
3.026400e-01 3.117440e-01 2.849120e-01 1.007040e-01
3.053440e-01 3.099360e-01 2.846080e-01 1.001120e-01
3.066560e-01 3.090560e-01 2.841280e-01 1.001600e-01
3.072480e-01 3.081600e-01 2.842720e-01 1.003200e-01
3.084480e-01 3.068320e-01 2.836640e-01 1.010560e-01
3.094560e-01 3.058880e-01 2.839680e-01 1.006880e-01
3.103040e-01 3.051200e-01 2.834720e-01 1.011040e-01
3.111200e-01 3.033440e-01 2.837120e-01 1.018240e-01
3.126400e-01 3.035680e-01 2.825440e-01 1.012480e-01
3.143360e-01 3.016320e-01 2.834240e-01 1.006080e-01
3.167360e-01 2.996480e-01 2.836160e-01 1.000000e-01
3.171360e-01 2.974720e-01 2.843040e-01 1.010880e-01
3.167200e-01 2.954240e-01 2.841280e-01 1.037280e-01
3.189920e-01 2.944640e-01 2.837120e-01 1.028320e-01
3.190720e-01 2.944000e-01 2.843200e-01 1.022080e-01
3.191520e-01 2.932320e-01 2.847040e-01 1.029120e-01
3.189760e-01 2.922080e-01 2.849600e-01 1.038560e-01
3.202400e-01 2.905920e-01 2.864160e-01 1.027520e-01
3.197600e-01 2.907040e-01 2.866560e-01 1.028800e-01
3.193600e-01 2.895840e-01 2.870560e-01 1.040000e-01
3.197280e-01 2.887040e-01 2.886240e-01 1.029440e-01
3.195680e-01 2.882720e-01 2.893600e-01 1.028000e-01
3.194560e-01 2.882240e-01 2.897920e-01 1.025280e-01
3.196000e-01 2.875040e-01 2.914560e-01 1.014400e-01
3.192640e-01 2.877120e-01 2.906080e-01 1.024160e-01
3.195520e-01 2.871680e-01 2.921760e-01 1.011040e-01
3.197600e-01 2.864960e-01 2.930720e-01 1.006720e-01
3.184800e-01 2.852000e-01 2.933280e-01 1.029920e-01
3.178400e-01 2.863680e-01 2.948960e-01 1.008960e-01
3.178080e-01 2.855680e-01 2.957920e-01 1.008320e-01
3.178880e-01 2.853440e-01 2.976000e-01 9.916800e-02
3.178720e-01 2.849920e-01 2.976000e-01 9.953600e-02
3.171040e-01 2.841600e-01 2.976960e-01 1.010400e-01
3.157280e-01 2.843520e-01 2.997440e-01 1.001760e-01
3.133280e-01 2.843040e-01 3.005760e-01 1.017920e-01
3.125600e-01 2.844800e-01 3.021120e-01 1.008480e-01
3.115360e-01 2.835840e-01 3.026560e-01 1.022240e-01
3.094880e-01 2.835040e-01 3.038720e-01 1.031360e-01
3.092800e-01 2.836640e-01 3.060000e-01 1.010560e-01
3.074080e-01 2.837440e-01 3.075200e-01 1.013280e-01
3.080320e-01 2.825760e-01 3.091840e-01 1.002080e-01
3.068000e-01 2.824160e-01 3.088960e-01 1.018880e-01
3.051520e-01 2.824000e-01 3.092160e-01 1.032320e-01
3.044160e-01 2.821920e-01 3.111840e-01 1.022080e-01
3.037280e-01 2.814720e-01 3.119040e-01 1.028960e-01
3.006080e-01 2.811200e-01 3.129440e-01 1.053280e-01
2.996480e-01 2.825440e-01 3.139360e-01 1.038720e-01
2.984960e-01 2.830240e-01 3.151200e-01 1.033600e-01
2.975360e-01 2.833920e-01 3.165760e-01 1.024960e-01
2.958560e-01 2.839200e-01 3.177760e-01 1.024480e-01
2.945280e-01 2.839680e-01 3.188960e-01 1.026080e-01
2.936320e-01 2.836640e-01 3.199360e-01 1.027680e-01
2.933600e-01 2.836640e-01 3.205920e-01 1.023840e-01
2.927200e-01 2.842400e-01 3.217760e-01 1.012640e-01
2.908800e-01 2.831840e-01 3.214240e-01 1.045120e-01
2.899360e-01 2.836640e-01 3.220960e-01 1.043040e-01
2.890560e-01 2.848800e-01 3.226400e-01 1.034240e-01
2.894400e-01 2.862080e-01 3.211040e-01 1.032480e-01
2.890880e-01 2.880320e-01 3.210080e-01 1.018720e-01
2.879360e-01 2.883360e-01 3.199360e-01 1.037920e-01
2.853440e-01 2.881600e-01 3.196960e-01 1.068000e-01
2.849600e-01 2.892320e-01 3.196320e-01 1.061760e-01
2.848960e-01 2.904160e-01 3.181280e-01 1.065600e-01
2.838080e-01 2.918400e-01 3.179680e-01 1.063840e-01
2.822080e-01 2.939840e-01 3.180160e-01 1.057920e-01
2.822880e-01 2.945440e-01 3.169600e-01 1.062080e-01
2.816000e-01 2.964000e-01 3.171200e-01 1.048800e-01
2.809280e-01 2.982720e-01 3.167360e-01 1.040640e-01
2.793440e-01 3.007680e-01 3.158720e-01 1.040160e-01
2.770400e-01 3.017920e-01 3.148160e-01 1.063520e-01
2.751840e-01 3.048320e-01 3.141920e-01 1.057920e-01
2.743040e-01 3.078240e-01 3.117600e-01 1.061120e-01
2.746400e-01 3.096800e-01 3.101280e-01 1.055520e-01
2.735360e-01 3.118720e-01 3.084960e-01 1.060960e-01
2.710560e-01 3.146880e-01 3.076320e-01 1.066240e-01
2.705440e-01 3.151360e-01 3.050720e-01 1.092480e-01
2.714720e-01 3.172480e-01 3.043680e-01 1.069120e-01
2.704640e-01 3.203360e-01 3.026240e-01 1.065760e-01
2.707360e-01 3.221120e-01 3.015840e-01 1.055680e-01
2.706560e-01 3.241120e-01 3.005920e-01 1.046400e-01
2.704320e-01 3.256480e-01 2.988320e-01 1.050880e-01
2.698240e-01 3.276800e-01 2.980160e-01 1.044800e-01
2.705280e-01 3.299040e-01 2.961280e-01 1.034400e-01
2.700320e-01 3.319520e-01 2.941600e-01 1.038560e-01
2.705760e-01 3.339840e-01 2.931680e-01 1.022720e-01
2.718880e-01 3.361920e-01 2.908960e-01 1.010240e-01
2.720640e-01 3.382080e-01 2.895200e-01 1.002080e-01
2.725920e-01 3.399360e-01 2.873600e-01 1.001120e-01
2.722080e-01 3.422400e-01 2.853440e-01 1.002080e-01
2.722720e-01 3.430240e-01 2.832000e-01 1.015040e-01
2.732640e-01 3.444160e-01 2.818720e-01 1.004480e-01
2.739680e-01 3.471680e-01 2.804480e-01 9.841600e-02
2.750240e-01 3.482240e-01 2.779680e-01 9.878400e-02
2.758240e-01 3.491520e-01 2.766880e-01 9.833600e-02
2.770720e-01 3.493280e-01 2.742240e-01 9.937600e-02
2.776480e-01 3.497280e-01 2.723680e-01 1.002560e-01
2.786880e-01 3.498240e-01 2.702080e-01 1.012800e-01
2.795520e-01 3.513600e-01 2.686880e-01 1.004000e-01
2.807680e-01 3.514880e-01 2.671040e-01 1.006400e-01
2.822240e-01 3.524320e-01 2.644640e-01 1.008800e-01
2.848960e-01 3.529760e-01 2.622240e-01 9.990400e-02
2.862400e-01 3.523040e-01 2.603360e-01 1.011200e-01
2.878400e-01 3.522240e-01 2.590080e-01 1.009280e-01
2.901600e-01 3.525920e-01 2.576640e-01 9.958400e-02
2.920800e-01 3.514560e-01 2.556320e-01 1.008320e-01
2.951200e-01 3.512320e-01 2.548960e-01 9.875200e-02
2.973440e-01 3.494080e-01 2.527360e-01 1.005120e-01
2.988800e-01 3.485600e-01 2.506240e-01 1.019360e-01
3.007200e-01 3.473600e-01 2.490240e-01 1.028960e-01
3.039680e-01 3.460640e-01 2.473120e-01 1.026560e-01
3.057440e-01 3.440960e-01 2.457440e-01 1.044160e-01
3.083360e-01 3.427840e-01 2.446240e-01 1.042560e-01
3.107360e-01 3.419040e-01 2.428160e-01 1.045440e-01
3.130080e-01 3.401440e-01 2.418880e-01 1.049600e-01
3.143200e-01 3.385760e-01 2.408320e-01 1.062720e-01
3.161760e-01 3.369920e-01 2.404960e-01 1.063360e-01
3.195680e-01 3.352320e-01 2.410560e-01 1.041440e-01
3.215680e-01 3.326080e-01 2.407360e-01 1.050880e-01
3.247360e-01 3.309760e-01 2.400320e-01 1.042560e-01
3.270720e-01 3.289440e-01 2.400800e-01 1.039040e-01
3.298240e-01 3.269280e-01 2.391360e-01 1.041120e-01
3.327360e-01 3.247040e-01 2.397600e-01 1.028000e-01
3.355040e-01 3.237920e-01 2.397440e-01 1.009600e-01
3.374240e-01 3.219680e-01 2.401760e-01 1.004320e-01
3.391200e-01 3.193280e-01 2.401120e-01 1.014400e-01
3.407840e-01 3.159840e-01 2.420960e-01 1.011360e-01
3.425120e-01 3.150560e-01 2.433600e-01 9.907200e-02
3.452320e-01 3.124640e-01 2.435360e-01 9.876800e-02
3.484960e-01 3.100640e-01 2.443680e-01 9.707200e-02
3.506560e-01 3.072800e-01 2.440480e-01 9.801600e-02
3.526560e-01 3.056640e-01 2.448160e-01 9.686400e-02
3.545280e-01 3.042560e-01 2.458080e-01 9.540800e-02
3.555200e-01 3.030880e-01 2.462240e-01 9.516800e-02
3.567840e-01 3.008640e-01 2.461600e-01 9.619200e-02
3.579200e-01 2.985920e-01 2.467360e-01 9.675200e-02
3.592960e-01 2.969920e-01 2.477280e-01 9.598400e-02
3.598400e-01 2.953760e-01 2.483040e-01 9.648000e-02
3.602240e-01 2.937920e-01 2.501120e-01 9.587200e-02
3.617120e-01 2.926560e-01 2.507680e-01 9.486400e-02
3.620160e-01 2.911200e-01 2.519520e-01 9.491200e-02
3.621920e-01 2.896480e-01 2.525280e-01 9.563200e-02
3.631840e-01 2.873280e-01 2.538560e-01 9.563200e-02
3.630880e-01 2.846560e-01 2.553760e-01 9.688000e-02
3.637120e-01 2.820160e-01 2.561760e-01 9.809600e-02
3.641760e-01 2.816480e-01 2.573280e-01 9.684800e-02
3.647680e-01 2.795040e-01 2.581280e-01 9.760000e-02
3.651360e-01 2.791360e-01 2.589600e-01 9.676800e-02
3.653280e-01 2.786400e-01 2.612640e-01 9.476800e-02
3.639360e-01 2.786080e-01 2.634880e-01 9.396800e-02
3.631520e-01 2.769280e-01 2.637120e-01 9.620800e-02
3.631680e-01 2.753600e-01 2.653920e-01 9.608000e-02
3.618240e-01 2.744320e-01 2.668480e-01 9.689600e-02
3.614560e-01 2.743840e-01 2.679520e-01 9.620800e-02
3.600160e-01 2.738720e-01 2.695040e-01 9.660800e-02
3.602240e-01 2.732000e-01 2.711840e-01 9.539200e-02
3.597120e-01 2.715520e-01 2.731200e-01 9.561600e-02
3.592960e-01 2.704640e-01 2.746240e-01 9.561600e-02
3.581920e-01 2.691040e-01 2.760800e-01 9.662400e-02
3.574400e-01 2.678560e-01 2.779840e-01 9.672000e-02
3.565920e-01 2.674880e-01 2.788640e-01 9.705600e-02
3.565440e-01 2.665440e-01 2.801280e-01 9.678400e-02
3.545920e-01 2.663520e-01 2.805280e-01 9.852800e-02
3.535200e-01 2.662560e-01 2.828320e-01 9.739200e-02
3.529280e-01 2.657600e-01 2.843360e-01 9.697600e-02
3.529600e-01 2.655680e-01 2.851040e-01 9.636800e-02
3.517920e-01 2.658080e-01 2.862560e-01 9.614400e-02
3.504480e-01 2.659200e-01 2.872800e-01 9.635200e-02
3.500320e-01 2.659840e-01 2.872960e-01 9.668800e-02
3.482560e-01 2.660320e-01 2.877600e-01 9.795200e-02
3.475360e-01 2.668960e-01 2.892160e-01 9.635200e-02
3.453280e-01 2.672800e-01 2.903360e-01 9.705600e-02
3.450080e-01 2.685600e-01 2.914400e-01 9.499200e-02
3.447040e-01 2.688160e-01 2.924480e-01 9.403200e-02
3.432320e-01 2.693760e-01 2.920480e-01 9.534400e-02
3.414880e-01 2.689760e-01 2.936000e-01 9.593600e-02
3.410560e-01 2.691360e-01 2.950240e-01 9.478400e-02
3.399840e-01 2.688800e-01 2.960800e-01 9.505600e-02
3.380480e-01 2.699840e-01 2.978240e-01 9.414400e-02
3.370240e-01 2.702400e-01 2.970720e-01 9.566400e-02
3.355360e-01 2.708640e-01 2.967040e-01 9.689600e-02
3.334240e-01 2.719360e-01 2.965120e-01 9.812800e-02
3.317280e-01 2.733120e-01 2.965120e-01 9.844800e-02
3.301440e-01 2.741600e-01 2.983520e-01 9.734400e-02
3.292160e-01 2.751200e-01 2.991200e-01 9.654400e-02
3.270720e-01 2.756800e-01 2.996800e-01 9.756800e-02
3.252960e-01 2.765280e-01 2.998400e-01 9.833600e-02
3.245600e-01 2.772800e-01 3.004000e-01 9.776000e-02
3.232800e-01 2.771520e-01 3.004800e-01 9.908800e-02
3.219680e-01 2.780960e-01 3.001600e-01 9.977600e-02
3.201280e-01 2.787520e-01 3.014240e-01 9.969600e-02
3.196000e-01 2.790880e-01 3.012960e-01 1.000160e-01
3.186560e-01 2.801920e-01 3.021280e-01 9.902400e-02
3.170240e-01 2.813440e-01 3.029120e-01 9.872000e-02
3.162880e-01 2.819360e-01 3.051040e-01 9.667200e-02
3.156960e-01 2.831200e-01 3.053600e-01 9.582400e-02
3.139040e-01 2.831680e-01 3.066560e-01 9.627200e-02
3.116000e-01 2.832000e-01 3.076640e-01 9.753600e-02
3.103200e-01 2.847200e-01 3.083680e-01 9.659200e-02
3.088960e-01 2.846720e-01 3.081920e-01 9.824000e-02
3.087680e-01 2.859040e-01 3.079840e-01 9.734400e-02
3.090880e-01 2.860640e-01 3.069760e-01 9.787200e-02
3.075200e-01 2.872800e-01 3.059840e-01 9.921600e-02
3.061280e-01 2.887680e-01 3.051840e-01 9.992000e-02
3.050080e-01 2.892320e-01 3.060480e-01 9.971200e-02
3.036320e-01 2.905920e-01 3.058240e-01 9.995200e-02
3.028000e-01 2.910080e-01 3.050240e-01 1.011680e-01
3.016000e-01 2.917920e-01 3.048160e-01 1.017920e-01
3.006720e-01 2.930080e-01 3.041120e-01 1.022080e-01
3.003200e-01 2.935520e-01 3.043200e-01 1.018080e-01
2.995520e-01 2.947520e-01 3.048960e-01 1.008000e-01
2.997280e-01 2.958720e-01 3.047840e-01 9.961600e-02
2.994400e-01 2.964800e-01 3.045120e-01 9.956800e-02
2.985920e-01 2.966240e-01 3.054400e-01 9.934400e-02
2.984800e-01 2.969600e-01 3.052480e-01 9.931200e-02
2.972960e-01 2.975200e-01 3.058080e-01 9.937600e-02
2.974080e-01 2.970400e-01 3.065760e-01 9.897600e-02
2.970080e-01 2.982400e-01 3.048480e-01 9.990400e-02
2.967680e-01 2.986400e-01 3.048320e-01 9.976000e-02
2.975840e-01 3.001120e-01 3.040800e-01 9.822400e-02
2.980320e-01 2.996800e-01 3.024000e-01 9.988800e-02
2.973120e-01 3.007360e-01 3.028000e-01 9.915200e-02
2.975520e-01 3.016640e-01 3.026400e-01 9.814400e-02
2.977440e-01 3.022560e-01 3.026080e-01 9.739200e-02
2.985440e-01 3.026400e-01 3.012480e-01 9.756800e-02
2.987520e-01 3.028000e-01 3.000000e-01 9.844800e-02
2.995520e-01 3.028800e-01 2.985440e-01 9.902400e-02
2.988000e-01 3.033280e-01 2.988480e-01 9.902400e-02
2.995360e-01 3.045600e-01 2.990080e-01 9.689600e-02
2.999680e-01 3.048160e-01 2.978880e-01 9.732800e-02
3.009760e-01 3.053600e-01 2.978080e-01 9.585600e-02
3.020640e-01 3.047520e-01 2.974080e-01 9.577600e-02
3.035840e-01 3.038880e-01 2.952800e-01 9.724800e-02
3.050560e-01 3.032800e-01 2.942080e-01 9.745600e-02
3.060640e-01 3.031520e-01 2.932640e-01 9.752000e-02
3.072160e-01 3.027840e-01 2.941920e-01 9.580800e-02
3.075040e-01 3.037600e-01 2.916000e-01 9.713600e-02
3.089920e-01 3.027360e-01 2.902880e-01 9.798400e-02
3.105600e-01 3.012640e-01 2.913280e-01 9.684800e-02
3.111040e-01 3.006720e-01 2.909280e-01 9.729600e-02
3.130400e-01 3.014720e-01 2.895200e-01 9.596800e-02
3.146080e-01 3.015840e-01 2.888320e-01 9.497600e-02
3.163040e-01 3.014240e-01 2.874080e-01 9.486400e-02
3.179680e-01 3.009440e-01 2.862080e-01 9.488000e-02
3.188320e-01 3.009760e-01 2.855840e-01 9.460800e-02
3.198080e-01 3.011360e-01 2.860160e-01 9.304000e-02
3.204640e-01 3.002080e-01 2.857280e-01 9.360000e-02
3.216000e-01 2.978560e-01 2.853280e-01 9.521600e-02
3.231680e-01 2.969120e-01 2.840800e-01 9.584000e-02
3.243040e-01 2.974240e-01 2.825760e-01 9.569600e-02
3.249760e-01 2.965760e-01 2.827040e-01 9.574400e-02
3.263680e-01 2.961440e-01 2.810080e-01 9.648000e-02
3.276320e-01 2.956320e-01 2.810560e-01 9.568000e-02
3.296000e-01 2.963040e-01 2.809120e-01 9.318400e-02
3.302720e-01 2.961120e-01 2.807360e-01 9.288000e-02
3.321600e-01 2.960000e-01 2.789600e-01 9.288000e-02
3.335680e-01 2.958080e-01 2.787840e-01 9.184000e-02
3.357920e-01 2.952480e-01 2.774560e-01 9.150400e-02
3.354560e-01 2.959200e-01 2.768000e-01 9.182400e-02
3.369120e-01 2.955200e-01 2.749920e-01 9.257600e-02
3.381440e-01 2.947520e-01 2.738720e-01 9.323200e-02
3.386400e-01 2.947200e-01 2.726400e-01 9.400000e-02
3.400320e-01 2.938720e-01 2.708800e-01 9.521600e-02
3.409280e-01 2.931200e-01 2.692320e-01 9.672000e-02
3.437760e-01 2.917760e-01 2.677440e-01 9.670400e-02
3.456000e-01 2.911040e-01 2.666080e-01 9.668800e-02
3.473120e-01 2.914400e-01 2.652160e-01 9.603200e-02
3.496320e-01 2.900960e-01 2.636960e-01 9.657600e-02
3.509440e-01 2.889760e-01 2.630080e-01 9.707200e-02
3.525920e-01 2.882240e-01 2.613280e-01 9.785600e-02
3.555200e-01 2.870720e-01 2.618080e-01 9.560000e-02
3.557280e-01 2.862240e-01 2.620160e-01 9.603200e-02
3.587680e-01 2.848160e-01 2.625280e-01 9.388800e-02
3.603040e-01 2.827840e-01 2.633760e-01 9.353600e-02
3.617600e-01 2.801600e-01 2.636160e-01 9.446400e-02
3.624160e-01 2.788960e-01 2.634080e-01 9.528000e-02
3.627520e-01 2.775040e-01 2.633440e-01 9.640000e-02
3.639040e-01 2.760800e-01 2.652160e-01 9.480000e-02
3.645440e-01 2.752320e-01 2.677440e-01 9.248000e-02
3.655840e-01 2.744160e-01 2.680640e-01 9.193600e-02
3.652320e-01 2.728960e-01 2.685280e-01 9.334400e-02
3.655200e-01 2.703520e-01 2.696640e-01 9.446400e-02
3.670560e-01 2.688800e-01 2.711040e-01 9.296000e-02
3.671680e-01 2.664960e-01 2.717760e-01 9.456000e-02
3.676800e-01 2.661280e-01 2.734560e-01 9.273600e-02
3.695840e-01 2.634080e-01 2.735680e-01 9.344000e-02
3.704320e-01 2.626080e-01 2.744000e-01 9.256000e-02
3.718240e-01 2.603840e-01 2.751040e-01 9.268800e-02
3.731040e-01 2.578560e-01 2.760640e-01 9.297600e-02
3.729280e-01 2.553600e-01 2.775520e-01 9.416000e-02
3.728960e-01 2.546240e-01 2.779680e-01 9.451200e-02
3.736640e-01 2.528960e-01 2.788640e-01 9.457600e-02
3.744320e-01 2.508320e-01 2.796960e-01 9.504000e-02
3.740320e-01 2.484640e-01 2.813920e-01 9.611200e-02
3.743680e-01 2.478880e-01 2.828160e-01 9.492800e-02
3.746560e-01 2.460960e-01 2.828320e-01 9.641600e-02
3.750560e-01 2.447520e-01 2.837280e-01 9.646400e-02
3.751200e-01 2.442240e-01 2.843680e-01 9.628800e-02
3.739200e-01 2.424800e-01 2.863680e-01 9.723200e-02
3.744160e-01 2.411200e-01 2.872640e-01 9.720000e-02
3.737280e-01 2.412640e-01 2.884480e-01 9.656000e-02
3.726560e-01 2.413280e-01 2.892000e-01 9.681600e-02
3.727360e-01 2.401760e-01 2.897760e-01 9.731200e-02
3.719200e-01 2.415040e-01 2.900160e-01 9.656000e-02
3.714080e-01 2.415520e-01 2.904000e-01 9.664000e-02
3.707840e-01 2.409920e-01 2.897280e-01 9.849600e-02
3.703040e-01 2.408000e-01 2.904800e-01 9.841600e-02
3.686560e-01 2.408640e-01 2.920000e-01 9.848000e-02
3.680960e-01 2.412800e-01 2.923520e-01 9.827200e-02
3.672480e-01 2.403840e-01 2.936480e-01 9.872000e-02
3.671360e-01 2.400960e-01 2.950720e-01 9.769600e-02
3.666560e-01 2.401760e-01 2.956640e-01 9.750400e-02
3.660320e-01 2.399040e-01 2.974880e-01 9.657600e-02
3.640640e-01 2.403200e-01 2.988640e-01 9.675200e-02
3.628960e-01 2.404640e-01 2.994400e-01 9.720000e-02
3.608800e-01 2.411840e-01 3.013280e-01 9.660800e-02
3.603040e-01 2.414880e-01 3.028480e-01 9.536000e-02
3.586240e-01 2.417280e-01 3.044640e-01 9.518400e-02
3.562080e-01 2.428000e-01 3.055040e-01 9.548800e-02
3.543040e-01 2.425920e-01 3.077440e-01 9.536000e-02
3.520640e-01 2.427200e-01 3.089920e-01 9.622400e-02
3.487520e-01 2.436000e-01 3.111200e-01 9.652800e-02
3.459520e-01 2.438080e-01 3.132800e-01 9.696000e-02
3.437120e-01 2.436160e-01 3.146720e-01 9.800000e-02
3.405280e-01 2.440640e-01 3.160800e-01 9.932800e-02
3.380320e-01 2.444480e-01 3.183360e-01 9.918400e-02
3.350560e-01 2.455040e-01 3.207040e-01 9.873600e-02
3.333440e-01 2.463040e-01 3.229760e-01 9.737600e-02
3.316960e-01 2.472000e-01 3.263040e-01 9.480000e-02
3.291520e-01 2.478240e-01 3.282720e-01 9.475200e-02
3.264800e-01 2.490400e-01 3.292480e-01 9.523200e-02
3.233120e-01 2.495040e-01 3.314560e-01 9.572800e-02
3.195200e-01 2.508640e-01 3.327520e-01 9.686400e-02
3.170400e-01 2.527840e-01 3.336960e-01 9.648000e-02
3.157760e-01 2.535040e-01 3.355520e-01 9.516800e-02
3.126720e-01 2.548320e-01 3.375360e-01 9.496000e-02
3.102720e-01 2.549600e-01 3.396960e-01 9.507200e-02
3.082560e-01 2.560640e-01 3.401440e-01 9.553600e-02
3.054080e-01 2.568160e-01 3.416960e-01 9.608000e-02
3.038560e-01 2.576960e-01 3.439680e-01 9.448000e-02
3.015200e-01 2.592480e-01 3.450560e-01 9.417600e-02
2.979360e-01 2.598720e-01 3.451360e-01 9.705600e-02
2.945120e-01 2.612320e-01 3.472480e-01 9.700800e-02
2.914240e-01 2.620960e-01 3.476640e-01 9.881600e-02
2.893280e-01 2.631360e-01 3.495200e-01 9.801600e-02
2.870080e-01 2.647360e-01 3.506080e-01 9.764800e-02
2.837440e-01 2.653920e-01 3.513920e-01 9.947200e-02
2.805760e-01 2.670880e-01 3.531520e-01 9.918400e-02
2.788800e-01 2.674240e-01 3.540800e-01 9.961600e-02
2.769760e-01 2.687840e-01 3.557280e-01 9.851200e-02
2.747360e-01 2.702560e-01 3.568480e-01 9.816000e-02
2.723520e-01 2.716000e-01 3.574400e-01 9.860800e-02
2.703040e-01 2.725120e-01 3.580800e-01 9.910400e-02
2.687520e-01 2.746080e-01 3.592800e-01 9.736000e-02
2.665280e-01 2.763200e-01 3.595840e-01 9.756800e-02
2.640800e-01 2.771040e-01 3.599040e-01 9.891200e-02
2.617760e-01 2.786720e-01 3.601280e-01 9.942400e-02
2.602400e-01 2.789120e-01 3.601600e-01 1.006880e-01
2.584800e-01 2.800960e-01 3.610080e-01 1.004160e-01
2.575520e-01 2.818080e-01 3.608480e-01 9.979200e-02
2.557760e-01 2.837440e-01 3.610560e-01 9.942400e-02
2.535520e-01 2.862560e-01 3.620160e-01 9.817600e-02
2.512320e-01 2.879040e-01 3.618880e-01 9.897600e-02
2.496800e-01 2.886080e-01 3.609440e-01 1.007680e-01
2.479520e-01 2.901600e-01 3.612480e-01 1.006400e-01
2.476480e-01 2.916800e-01 3.609600e-01 9.971200e-02
2.475040e-01 2.929600e-01 3.598400e-01 9.969600e-02
2.457920e-01 2.938720e-01 3.600320e-01 1.003040e-01
2.445280e-01 2.952320e-01 3.587520e-01 1.014880e-01
2.432640e-01 2.971680e-01 3.589600e-01 1.006080e-01
2.426720e-01 2.980800e-01 3.592320e-01 1.000160e-01
2.423040e-01 2.989440e-01 3.580000e-01 1.007520e-01
2.418560e-01 2.993440e-01 3.573440e-01 1.014560e-01
2.423520e-01 3.011360e-01 3.560480e-01 1.004640e-01
2.421920e-01 3.027040e-01 3.562080e-01 9.889600e-02
2.426240e-01 3.044480e-01 3.554400e-01 9.748800e-02
2.431040e-01 3.048640e-01 3.532160e-01 9.881600e-02
2.434720e-01 3.061440e-01 3.519200e-01 9.846400e-02
2.436800e-01 3.077120e-01 3.507360e-01 9.787200e-02
2.433760e-01 3.090080e-01 3.498400e-01 9.777600e-02
2.433920e-01 3.099360e-01 3.488160e-01 9.785600e-02
2.441280e-01 3.115040e-01 3.476960e-01 9.667200e-02
2.453280e-01 3.129440e-01 3.450720e-01 9.665600e-02
2.464800e-01 3.129600e-01 3.439520e-01 9.660800e-02
2.472640e-01 3.129600e-01 3.413920e-01 9.838400e-02
2.488640e-01 3.135520e-01 3.393760e-01 9.820800e-02
2.495200e-01 3.144640e-01 3.368480e-01 9.916800e-02
2.508800e-01 3.155520e-01 3.356000e-01 9.796800e-02
2.527200e-01 3.166400e-01 3.334240e-01 9.721600e-02
2.533280e-01 3.159200e-01 3.317280e-01 9.902400e-02
2.551040e-01 3.162080e-01 3.287520e-01 9.993600e-02
2.558880e-01 3.158720e-01 3.278080e-01 1.004320e-01
2.580960e-01 3.176960e-01 3.260320e-01 9.817600e-02
2.590080e-01 3.182240e-01 3.239840e-01 9.878400e-02
2.600800e-01 3.184000e-01 3.220480e-01 9.947200e-02
2.619360e-01 3.197760e-01 3.202560e-01 9.803200e-02
2.641440e-01 3.194560e-01 3.172160e-01 9.918400e-02
2.648800e-01 3.186080e-01 3.149600e-01 1.015520e-01
2.662720e-01 3.193920e-01 3.123360e-01 1.020000e-01
2.677280e-01 3.196320e-01 3.107360e-01 1.019040e-01
2.688800e-01 3.190880e-01 3.089920e-01 1.030400e-01
2.712800e-01 3.185440e-01 3.073600e-01 1.028160e-01
